gyroRate=0.030517578125;
accRate=0.000244140625;
magRate=0.000635075720;
